1475636159147,206426226016778,0.017044231,0.26844662,0.35153726
1475636159150,206426230951025,0.0053263223,0.2727077,0.34408042
1475636159167,206426235916305,-0.008522116,0.27057716,0.3355583
1475636159168,206426240850552,-0.041545313,0.28229508,0.32277513
1475636159179,206426245784799,-0.06072007,0.30466563,0.32277513
1475636159181,206426250719046,-0.05965481,0.3025351,0.30786142
1475636159187,206426255684326,-0.07350325,0.30040458,0.30360037
1475636159198,206426260618573,-0.07989483,0.29827404,0.30360037
1475636159203,206426265552820,-0.07669904,0.3110572,0.30040458
1475636159207,206426270518100,-0.068176925,0.28229508,0.29507825
1475636159216,206426275452347,-0.05326322,0.26418558,0.2908172
1475636159216,206426280386594,-0.024501082,0.24288028,0.28442562
1475636159218,206426285351874,0.013848438,0.21092236,0.28229508
1475636159219,206426290286121,0.04580637,0.19813919,0.28655612
1475636159220,206426295220368,0.06391586,0.21411815,0.2876214
1475636159224,206426300185648,0.068176925,0.24820662,0.28868666
1475636159233,206426305119895,0.07243798,0.26312032,0.2929477
1475636159234,206426310054142,0.083090626,0.24927188,0.30360037
1475636159236,206426314988389,0.05752428,0.2759035,0.2993393
1475636159237,206426319953669,0.022370553,0.3025351,0.28868666
1475636159249,206426324887916,-0.00958738,0.3025351,0.28016454
1475636159249,206426329822163,-0.044741105,0.2876214,0.2695119
1475636159251,206426334787443,-0.08522116,0.28229508,0.24714135
1475636159252,206426339721690,-0.12144014,0.257794,0.22583605
1475636159254,206426344655937,-0.1587244,0.22264026,0.20453078
1475636159255,206426349590184,-0.20453078,0.22264026,0.17576863
1475636159266,206426354555464,-0.24394555,0.20453078,0.14807175
1475636159267,206426359489711,-0.26844662,0.1768339,0.128897
1475636159269,206426364423958,-0.28122982,0.16405073,0.10652644
1475636159269,206426369389238,-0.26738137,0.15020229,0.09161274
1475636159271,206426374323485,-0.23116238,0.13102752,0.08735169
1475636159272,206426379257732,-0.18429075,0.11930962,0.07456851
1475636159285,206426384191979,-0.11930962,0.10333065,0.07137272
1475636159285,206426389157259,-0.05965481,0.083090626,0.07456851
1475636159288,206426394091506,0.014913702,0.05965481,0.07137272
1475636159288,206426399025753,0.052197956,0.05965481,0.083090626
1475636159293,206426403991033,0.092678,0.039414786,0.07882957
1475636159300,206426408925280,0.08948221,0.05006743,0.095873795
1475636159303,206426413859527,0.11611383,0.004261058,0.08841695
1475636159303,206426418793774,0.041545313,0.033023197,0.094808534
1475636159305,206426423759054,0.029827405,0.022370553,0.10333065
1475636159306,206426428693301,0.0010652645,-0.015978966,0.09161274
1475636159317,206426433627548,-0.09374327,-0.004261058,0.08522116
1475636159318,206426438592828,-0.13741912,0.017044231,0.083090626
1475636159320,206426443527075,-0.16724652,0.025566347,0.07350325
1475636159321,206426448461322,-0.22050974,0.039414786,0.061785337
1475636159335,206426453395569,-0.25992453,0.06072007,0.056459013
1475636159336,206426458360849,-0.2790993,0.07456851,0.052197956
1475636159338,206426463295096,-0.29188246,0.07350325,0.03621899
1475636159339,206426468229343,-0.28868666,0.06498113,0.023435818
1475636159351,206426473163590,-0.26312032,0.05006743,0.01917476
1475636159354,206426478128870,-0.22903186,0.041545313,0.017044231
1475636159355,206426483063117,-0.18748654,0.03621899,0.015978966
1475636159362,206426487997364,-0.13848437,0.02663161,0.022370553
1475636159370,206426492931611,-0.08628642,0.014913702,0.039414786
1475636159371,206426497896891,-0.037284255,0.007456851,0.049002163
1475636159374,206426502831138,0.0063915867,0.017044231,0.06391586
1475636159382,206426507765385,0.04261058,0.040480047,0.082025364
1475636159389,206426512730665,0.06498113,0.070307456,0.099069595
1475636159389,206426517664912,0.066046394,0.09374327,0.11930962
1475636159394,206426522599159,0.04261058,0.11717909,0.15020229
1475636159401,206426527564439,-0.0031957934,0.14594123,0.1885518
1475636159407,206426532498686,-0.07243798,0.18002969,0.23222765
1475636159409,206426537432933,-0.1587244,0.21092236,0.25992453
1475636159421,206426542367180,-0.26844662,0.22903186,0.27483824
1475636159423,206426547332460,-0.39414784,0.24181503,0.2759035
1475636159425,206426552266707,-0.5123922,0.24394555,0.26631612
1475636159433,206426557200954,-0.6135923,0.23329291,0.24288028
1475636159439,206426562166234,-0.7297061,0.23329291,0.21518342
1475636159440,206426567100481,-0.8628642,0.2545982,0.21092236
1475636159444,206426572034728,-0.99282646,0.28442562,0.21624868
1475636159450,206426576968975,-1.1089402,0.3110572,0.22050974
1475636159457,206426581934255,-1.2080098,0.35792884,0.20559603
1475636159459,206426586868502,-1.2921658,0.43995422,0.16724652
1475636159467,206426591802749,-1.3667343,0.5251754,0.12783173
1475636159468,206426596736996,-1.4168017,0.6061355,0.095873795
1475636159473,206426601702276,-1.4562165,0.644485,0.095873795
1475636159478,206426606636523,-1.510545,0.66365975,0.1107875
1475636159483,206426611570770,-1.571265,0.6945524,0.10120012
1475636159488,206426616505017,-1.6213325,0.72864085,0.07350325
1475636159493,206426621470297,-1.6703346,0.7499462,0.041545313
1475636159498,206426626404544,-1.7385116,0.7456851,0.002130529
1475636159503,206426631338791,-1.820537,0.6956177,-0.06924219
1475636159508,206426636273038,-1.9142802,0.62104917,-0.15446334
1475636159513,206426641238318,-2.0240023,0.6018744,-0.20133498
1475636159517,206426646172565,-2.1156151,0.6317018,-0.23009712
1475636159523,206426651106812,-2.1411815,0.6764429,-0.2759035
1475636159527,206426656072092,-2.0740697,0.72011876,-0.36218992
1475636159533,206426661006339,-1.9110844,0.7552725,-0.48682585
1475636159537,206426665940586,-1.6330503,0.7840346,-0.56885123
1475636159543,206426670905866,-1.2676647,0.8202536,-0.6135923
1475636159547,206426675840113,-0.93849796,0.8309063,-0.700944
1475636159553,206426680774360,-0.69242185,0.80747044,-0.86605996
1475636159558,206426685708607,-0.5187838,0.7840346,-1.0546118
1475636159563,206426690673887,-0.36645097,0.7765778,-1.1781825
1475636159567,206426695608134,-0.1768339,0.7797736,-1.2420983
1475636159573,206426700542381,0.033023197,0.78509986,-1.3219931
1475636159577,206426705507661,0.21731395,0.76912093,-1.4199975
1475636159583,206426710441908,0.38136467,0.72864085,-1.5222629
1475636159587,206426715376155,0.5390238,0.6913566,-1.6223978
1475636159593,206426720341435,0.6689861,0.648746,-1.7246631
1475636159597,206426725275682,0.7861652,0.60080916,-1.8130801
1475636159603,206426730209929,0.9097358,0.5656554,-1.8855181
1475636159607,206426735144176,0.98750013,0.5251754,-1.9473034
1475636159613,206426740109456,1.0024139,0.44741106,-1.9984361
1475636159617,206426745043703,1.0045444,0.33981934,-2.0378509
1475636159623,206426749977950,0.9864349,0.20133498,-2.107093
1475636159627,206426754943230,0.9321064,0.03621899,-2.2338595
1475636159633,206426759877477,0.8511463,-0.13954964,-2.3989756
1475636159642,206426764811724,0.7254451,-0.30679616,-2.570483
1475636159644,206426769777004,0.58696073,-0.4314321,-2.7302728
1475636159647,206426774711251,0.44315,-0.49641323,-2.8826056
1475636159653,206426779645498,0.27803403,-0.5390238,-3.038134
1475636159658,206426784610778,0.1438107,-0.60933125,-3.1638353
1475636159663,206426789545025,0.10759171,-0.7254451,-3.193663
1475636159667,206426794479272,0.16937704,-0.87990844,-3.1212249
1475636159673,206426799413519,0.3323625,-1.0439591,-3.057309
1475636159677,206426804378799,0.6530071,-1.2783173,-3.1286817
1475636159683,206426809313046,1.0215886,-1.5648735,-3.255448
1475636159687,206426814247293,1.3358417,-1.8120148,-3.3182988
1475636159693,206426819212573,1.6170714,-1.9803265,-3.384345
1475636159697,206426824146820,1.8759307,-2.0943098,-3.5483959
1475636159703,206426829081067,2.058091,-2.1614215,-3.7390783
1475636159707,206426834015314,2.0815268,-2.1731393,-3.842409
1475636159713,206426838980594,1.9590213,-2.1092236,-3.911651
1475636159717,206426843914841,1.7800568,-1.9995013,-3.9904807
1475636159723,206426848880121,1.5957661,-1.8706044,-4.124704
1475636159727,206426853814368,1.3677995,-1.7331853,-4.3036685
1475636159733,206426858748615,1.1824435,-1.6703346,-4.4783716
1475636159737,206426863682862,1.063134,-1.6564862,-4.6104646
1475636159743,206426868648142,0.96619487,-1.6671388,-4.7201867
1475636159747,206426873582389,0.8926916,-1.675661,-4.830974
1475636159753,206426878516636,0.8586031,-1.6969663,-4.987568
1475636159757,206426883481916,0.84155893,-1.6937704,-5.128183
1475636159762,206426888416163,0.8426242,-1.6671388,-5.2709284
1475636159767,206426893350410,0.8117315,-1.6053535,-5.371063
1475636159772,206426898284657,0.7797736,-1.5222629,-5.445632
1475636159777,206426903249937,0.793622,-1.438107,-5.510613
1475636159783,206426908184184,0.829841,-1.3688648,-5.5958343
1475636159787,206426913118431,0.8351673,-1.2836436,-5.685316
1475636159793,206426918083711,0.8064052,-1.1899004,-5.7534933
1475636159797,206426923017958,0.7637946,-1.1451592,-5.791843
1475636159802,206426927952205,0.71692294,-1.1536814,-5.7630806
1475636159807,206426932886452,0.7137272,-1.1451592,-5.725796
1475636159812,206426937851732,0.7520767,-1.1227887,-5.6821203
1475636159817,206426942785979,0.80533993,-1.0258497,-5.571333
1475636159822,206426947720226,0.87032104,-0.8873653,-5.3721285
1475636159826,206426952654473,0.98110855,-0.73290193,-5.0908985
1475636159832,206426957619753,1.1302456,-0.55287224,-4.786233
1475636159836,206426962554000,1.2559468,-0.3536678,-4.503938
1475636159842,206426967488247,1.3134711,-0.16831177,-4.2599926
1475636159847,206426972422494,1.2953615,-0.035153728,-4.073571
1475636159853,206426977387774,1.2016183,0.05006743,-3.9201732
1475636159857,206426982322021,1.055677,0.10333065,-3.7848845
1475636159863,206426987256268,0.88203895,0.13315806,-3.6719666
1475636159866,206426992190515,0.69668293,0.15446334,-3.568636
1475636159872,206426997155795,0.52624065,0.221575,-3.48448
1475636159876,206427002090042,0.36751622,0.3110572,-3.407781
1475636159882,206427007024289,0.21731395,0.37923414,-3.3257556
1475636159886,206427011989569,0.0777643,0.41545314,-3.2405343
1475636159893,206427016923816,-0.043675844,0.4516721,-3.1553133
1475636159896,206427021858063,-0.13209279,0.4612595,-3.086071
1475636159902,206427026823343,-0.2066613,0.43356264,-3.0391994
1475636159906,206427031757590,-0.25885925,0.39414784,-2.9784794
1475636159912,206427036691837,-0.2790993,0.3802994,-2.884736
1475636159916,206427041626084,-0.26312032,0.38136467,-2.7782097
1475636159922,206427046591364,-0.19600865,0.3930826,-2.6684873
1475636159927,206427051525611,-0.080960095,0.41119206,-2.5502431
1475636159932,206427056459858,0.04580637,0.42930156,-2.437325
1475636159936,206427061425138,0.17896442,0.43995422,-2.3201458
1475636159942,206427066359385,0.30999196,0.43782368,-2.1997712
1475636159946,206427071293632,0.42290998,0.42717105,-2.0932446
1475636159952,206427076227879,0.5209143,0.41438785,-1.9867182
1475636159956,206427081193159,0.5965481,0.40266997,-1.8865833
1475636159962,206427086127406,0.64555025,0.3898868,-1.79284
1475636159966,206427091061653,0.6530071,0.3749731,-1.7022926
1475636159972,206427096026933,0.63383234,0.35792884,-1.6064187
1475636159976,206427100961180,0.5858954,0.32703617,-1.5158713
1475636159982,206427105895427,0.51026165,0.2759035,-1.4349113
1475636159986,206427110860707,0.4133226,0.221575,-1.3528858
1475636159993,206427115794954,0.30040458,0.17789917,-1.2697952
1475636159996,206427120729201,0.18002969,0.1470065,-1.1813782
1475636160009,206427125663448,0.05326322,0.12996227,-1.0908308
1475636160012,206427130628728,-0.092678,0.128897,-0.9981528
1475636160013,206427135562975,-0.257794,0.1438107,-0.89801794
1475636160016,206427140497222,-0.40906155,0.1736381,-0.79788303
1475636160022,206427145462502,-0.535828,0.18961707,-0.70627034
1475636160026,206427150396749,-0.64555025,0.18642128,-0.62744075
1475636160032,206427155330996,-0.7254451,0.17896442,-0.55287224
1475636160036,206427160296276,-0.7765778,0.16937704,-0.47510794
1475636160042,206427165230523,-0.81599253,0.1587244,-0.39627838
1475636160046,206427170164770,-0.84155893,0.1470065,-0.32490566
1475636160052,206427175130050,-0.8596684,0.13528858,-0.25672874
1475636160056,206427180064297,-0.8692558,0.12996227,-0.1885518
1475636160062,206427184998544,-0.8607337,0.128897,-0.12037488
1475636160066,206427189963824,-0.8404936,0.13315806,-0.046871636
1475636160072,206427194898071,-0.81705785,0.15233281,0.02663161
1475636160076,206427199832318,-0.7904262,0.17257284,0.10333065
1475636160082,206427204797598,-0.7605988,0.18961707,0.18216021
1475636160086,206427209731845,-0.73503244,0.20133498,0.26205504
1475636160093,206427214666092,-0.7126619,0.20453078,0.33023196
1475636160096,206427219600339,-0.71159667,0.20133498,0.39414784
1475636160102,206427224565619,-0.73290193,0.2066613,0.45593318
1475636160106,206427229499866,-0.77125144,0.21837921,0.5209143
1475636160112,206427234434113,-0.82557994,0.23755397,0.5858954
1475636160116,206427239399393,-0.8926916,0.24820662,0.6498113
1475636160122,206427244333640,-0.9821738,0.25353295,0.7126619
1475636160126,206427249267887,-1.0791129,0.24927188,0.7701862
1475636160132,206427254233167,-1.1813782,0.2364887,0.81599253
1475636160136,206427259167414,-1.2953615,0.21731395,0.85221153
1475636160142,206427264101661,-1.4072143,0.19707392,0.88416946
1475636160146,206427269066941,-1.5158713,0.17789917,0.9214537
1475636160151,206427274001188,-1.623463,0.16937704,0.9619338
1475636160156,206427278935435,-1.7225326,0.16831177,1.0098706
1475636160161,206427283869682,-1.7981664,0.17789917,1.0641992
1475636160166,206427288834962,-1.8503643,0.19813919,1.1163971
1475636160177,206427293769209,-1.8812569,0.221575,1.1653993
1475636160178,206427298703456,-1.901497,0.24181503,1.216532
1475636160181,206427303668736,-1.9132149,0.25885925,1.2687299
1475636160186,206427308602983,-1.9259981,0.27483824,1.3230585
1475636160192,206427313537230,-1.9473034,0.28655612,1.3667343
1475636160195,206427318471477,-1.9622171,0.2961435,1.4082795
1475636160201,206427323436757,-1.9494339,0.30999196,1.4498249
1475636160205,206427328371004,-1.8983012,0.34621093,1.4966965
1475636160211,206427333305251,-1.788579,0.40586576,1.5478293
1475636160215,206427338239498,-1.5978967,0.48682585,1.5893745
1475636160221,206427343204778,-1.3006879,0.5773733,1.6575514
1475636160226,206427348139025,-0.90867054,0.62744075,1.7683389
1475636160231,206427353073272,-0.43569314,0.6040049,1.8961707
1475636160235,206427358007519,0.12996227,0.624245,2.0240023
1475636160241,206427362972799,0.7542072,0.67537767,2.1166804
1475636160245,206427367907046,1.36993,0.7126619,2.1976404
1475636160251,206427372841293,1.897236,0.65726817,2.304167
1475636160255,206427377806573,2.3616912,0.58483016,2.404302
1475636160261,206427382740820,2.711098,0.5773733,2.4607608
1475636160265,206427387675067,2.8634307,0.6423544,2.4650218
1475636160271,206427392609314,2.851713,0.76485986,2.4192154
1475636160275,206427397574594,2.706837,0.8181231,2.376605
1475636160281,206427402508841,2.4756746,0.86179894,2.369148
1475636160285,206427407443088,2.1859226,0.9938917,2.3318639
1475636160291,206427412377335,1.8439727,1.1430287,2.25623
1475636160295,206427417342615,1.4871092,1.2634037,2.17527
1475636160301,206427422276862,1.1355718,1.3646038,2.0751352
1475636160305,206427427211109,0.7520767,1.4647386,1.9686086
1475636160311,206427432176389,0.3536678,1.5350461,1.9089539
1475636160315,206427437110636,-0.018109495,1.6149409,1.8695391
1475636160321,206427442044883,-0.36005938,1.7491642,1.8098843
1475636160326,206427446979130,-0.6870956,1.9196066,1.7576864
1475636160331,206427451944410,-1.0215886,2.0932446,1.7576864
1475636160335,206427456878657,-1.361408,2.2455773,1.7960359
1475636160341,206427461812904,-1.6831179,2.3819313,1.8429074
1475636160345,206427466747151,-1.9664781,2.5044367,1.8833876
1475636160351,206427471681398,-2.1614215,2.61842,1.9249328
1475636160355,206427476646678,-2.25623,2.7302728,1.9760655
1475636160361,206427481580925,-2.272209,2.824016,2.0485034
1475636160365,206427486515172,-2.2413163,2.9071066,2.118811
1475636160371,206427491449419,-2.17527,2.9742184,2.1869879
1475636160379,206427496414699,-2.078331,3.0562437,2.2690132
1475636160382,206427501348946,-1.9643476,3.1531827,2.3435817
1475636160385,206427506283193,-1.8279938,3.2618396,2.4138892
1475636160391,206427511248473,-1.716141,3.3939326,2.4778051
1475636160395,206427516182720,-1.663943,3.52496,2.5278726
1475636160401,206427521116967,-1.6362462,3.6368127,2.5672872
1475636160405,206427526051214,-1.6010925,3.7667751,2.6088326
1475636160442,206427530985461,-1.5488945,3.9425437,2.650378
1475636160448,206427535950741,-1.4604776,4.149205,2.6876621
1475636160451,206427540884988,-1.3805827,4.3558664,2.731338
1475636160452,206427545819235,-1.3230585,4.5486794,2.7888622
1475636160466,206427550753482,-1.2559468,4.747884,2.8463867
1475636160467,206427555718762,-1.1408982,4.9971557,2.9305425
1475636160470,206427560653009,-0.99708754,5.2677326,3.0370688
1475636160471,206427565587256,-0.87564737,5.507417,3.0668962
1475636160474,206427570552536,-0.757403,5.704491,3.1286817
1475636160476,206427575486783,-0.6743124,5.869607,3.214968
1475636160480,206427580421030,-0.6604639,6.0517673,3.2479913
1475636160481,206427585355277,-0.69348717,6.243515,3.2320123
1475636160486,206427590320557,-0.7605988,6.3756075,3.1595743
1475636160489,206427595254804,-0.8767126,6.4288707,3.0583742
1475636160493,206427600189051,-1.063134,6.4065003,2.9422603
1475636160494,206427605123298,-1.2772521,6.335128,2.8304076
1475636160497,206427610088578,-1.490305,6.207296,2.7345338
1475636160498,206427615022825,-1.7065536,6.026201,2.6003106
1475636160500,206427619957072,-1.8727349,5.7875814,2.4309335
1475636160505,206427624922352,-1.9409118,5.4775896,2.3318639
1475636160510,206427629856599,-1.9867182,5.185707,2.25623
1475636160515,206427634790846,-2.022937,4.8693237,2.143312
1475636160520,206427639725093,-1.9387813,4.6509447,1.9718045
1475636160526,206427644690373,-1.7331853,4.5433526,1.8418422
1475636160530,206427649624620,-1.4594122,4.3516054,1.784318
1475636160535,206427654558867,-1.144094,4.141748,1.7193367
1475636160540,206427659493114,-0.8596684,4.012851,1.5829829
1475636160545,206427664458394,-0.72011876,3.9169774,1.4658039
1475636160550,206427669392641,-0.6828345,3.8264298,1.3784522
1475636160555,206427674326888,-0.74035877,3.7358823,1.2751216
1475636160560,206427679292168,-0.9033442,3.6165729,1.212271
1475636160564,206427684226415,-1.1430287,3.4898062,1.220793
1475636160570,206427689160662,-1.454086,3.359844,1.1813782
1475636160574,206427694094909,-1.788579,3.2490566,1.0812434
1475636160580,206427699060189,-2.1763353,3.1265512,0.9853696
1475636160584,206427703994436,-2.6162894,3.0509174,0.9129316
1475636160590,206427708928683,-3.0360036,2.9827404,0.8767126
1475636160594,206427713893963,-3.3981936,2.8996499,0.8777779
1475636160600,206427718828210,-3.697533,2.808037,0.8990832
1475636160604,206427723762457,-3.9223037,2.6919231,0.93317163
1475636160610,206427728696704,-4.0437436,2.5917883,0.93849796
1475636160614,206427733661984,-4.065049,2.5108283,0.9704559
1475636160620,206427738596231,-3.984089,2.4788704,1.0759171
1475636160624,206427743530478,-3.7912762,2.4873924,1.1930962
1475636160630,206427748495758,-3.4493263,2.5395904,1.293231
1475636160634,206427753430005,-2.996589,2.6003106,1.3720605
1475636160640,206427758364252,-2.501241,2.6152241,1.4402375
1475636160644,206427763298499,-2.0197413,2.6226811,1.5180018
1475636160650,206427768263779,-1.5925703,2.6514432,1.6042882
1475636160654,206427773198026,-1.2239889,2.7100327,1.6586168
1475636160660,206427778132273,-0.95447695,2.7782097,1.695901
1475636160664,206427783097553,-0.79894835,2.8389297,1.7257284
1475636160670,206427788031800,-0.76699036,2.8794098,1.7267936
1475636160679,206427792966047,-0.8532768,2.900715,1.6841831
1475636160681,206427797900294,-1.026915,2.912433,1.6128104
1475636160684,206427802865574,-1.297492,2.8879318,1.5243934
1475636160690,206427807799821,-1.6522251,2.8261466,1.4199975
1475636160694,206427812734068,-2.0644825,2.7696874,1.3358417
1475636160700,206427817668315,-2.4703481,2.6738138,1.2016183
1475636160704,206427822633595,-2.8549087,2.514024,0.9960222
1475636160710,206427827567842,-3.210707,2.3457122,0.7616641
1475636160714,206427832502089,-3.5356126,2.1901836,0.53050166
1475636160720,206427837467369,-3.7923415,2.0453076,0.33129725
1475636160724,206427842401616,-3.9159122,1.8940401,0.18002969
1475636160730,206427847335863,-3.8647795,1.7289242,0.083090626
1475636160734,206427852270110,-3.633617,1.5520903,0.030892668
1475636160740,206427857235390,-3.262905,1.3624732,0.024501082
1475636160744,206427862169637,-2.799515,1.1888351,0.067111656
1475636160750,206427867103884,-2.263687,1.0258497,0.128897
1475636160754,206427872038131,-1.6895094,0.8788432,0.21198763
1475636160760,206427877003411,-1.1142666,0.7499462,0.31638354
1475636160764,206427881937658,-0.58483016,0.6380934,0.41119206
1475636160770,206427886871905,-0.13528858,0.54328483,0.44741106
1475636160774,206427891806152,0.18961707,0.45380265,0.4346279
1475636160780,206427896771432,0.386691,0.38349518,0.40266997
1475636160784,206427901705679,0.48576057,0.33342776,0.36005938
1475636160790,206427906639926,0.4942827,0.2929477,0.2972088
1475636160794,206427911574173,0.39627838,0.2545982,0.22903186
1475636160799,206427916539453,0.21731395,0.23435818,0.17150757
1475636160804,206427921473700,0.027696876,0.19920444,0.068176925
1475636160809,206427926407947,-0.17789917,0.14594123,-0.08628642
1475636160814,206427931373227,-0.4165184,0.10120012,-0.24501082
1475636160819,206427936307474,-0.68816084,0.05539375,-0.3717773
1475636160824,206427941241721,-0.9917612,0.0,-0.44741106
1475636160830,206427946175968,-1.2815131,-0.05752428,-0.53263223
1475636160834,206427951141248,-1.5574166,-0.096939065,-0.6498113
1475636160840,206427956075495,-1.8279938,-0.10865697,-0.76912093
1475636160844,206427961009742,-2.0793962,-0.10652644,-0.8852348
1475636160849,206427965975022,-2.2487733,-0.09161274,-1.0045444
1475636160854,206427970909269,-2.2935143,-0.044741105,-1.0492854
1475636160860,206427975843516,-2.15503,0.01917476,-1.0141318
1475636160864,206427980777763,-1.8226675,0.061785337,-0.9598033
1475636160869,206427985743043,-1.3241237,0.054328486,-0.8990832
1475636160874,206427990677290,-0.7595335,-0.023435818,-0.82344943
1475636160879,206427995611537,-0.19174759,-0.14168017,-0.74461985
1475636160886,206428000545784,0.36432043,-0.24607608,-0.68816084
1475636160890,206428005511064,0.86605996,-0.30786142,-0.7030745
1475636160894,206428010445311,1.2708604,-0.31957933,-0.73822826
1475636160899,206428015379558,1.5904398,-0.28229508,-0.721184
1475636160903,206428020344838,1.9259981,-0.20453078,-0.62531024
1475636160909,206428025279085,2.4319987,-0.11930962,-0.5209143
1475636160913,206428030213332,2.9390645,-0.08948221,-0.6135923
1475636160919,206428035147579,3.364105,-0.09374327,-0.86605996
1475636160923,206428040112859,3.5441349,-0.15126754,-1.1323761
1475636160929,206428045047106,3.4333472,-0.30466563,-1.3198626
1475636160934,206428049981353,3.419499,-0.515588,-1.4125407
1475636160939,206428054915600,3.710316,-0.79255676,-1.442368
1475636160943,206428059880880,4.044809,-1.0663297,-1.4349113
1475636160949,206428064815127,4.121508,-1.3901701,-1.627724
1475636160953,206428069749374,4.032026,-1.643703,-1.989914
1475636160960,206428074683621,3.8679752,-1.8439727,-2.352104
1475636160963,206428079648901,3.5899413,-2.0793962,-2.642921
1475636160969,206428084583148,3.3428,-2.3148196,-2.9912624
1475636160973,206428089517395,3.1840754,-2.4714134,-3.3726273
1475636160979,206428094451642,3.053048,-2.5832663,-3.6346822
1475636160983,206428099416922,2.9646308,-2.7174895,-3.782754
1475636160989,206428104351169,2.9593046,-2.868757,-3.8743668
1475636160993,206428109285416,3.057309,-3.017894,-3.9510658
1475636160999,206428114250696,3.2661006,-3.1798143,-3.9926112
1475636161003,206428119184943,3.5100462,-3.3246903,-4.011786
1475636161009,206428124119190,3.7167077,-3.4461305,-4.023504
1475636161013,206428129084470,3.9350867,-3.5633094,-4.0107207
1475636161019,206428134018717,4.172641,-3.6709013,-3.9286952
1475636161023,206428138952964,4.4133906,-3.742274,-3.823234
1475636161029,206428143887211,4.647749,-3.782754,-3.7646446
1475636161033,206428148852491,4.822452,-3.8211036,-3.7135117
1475636161039,206428153786738,4.919391,-3.8530614,-3.7039244
1475636161043,206428158720985,4.9492188,-3.8679752,-3.7230992
1475636161049,206428163686265,4.8799763,-3.8051245,-3.7966025
1475636161053,206428168620512,4.65201,-3.7241645,-3.7795582
1475636161059,206428173554759,4.4038033,-3.6730318,-3.7603834
1475636161063,206428178489006,4.246144,-3.5643747,-3.9425437
1475636161069,206428183454286,4.0224385,-3.4621093,-4.0575924
1475636161073,206428188388533,3.8040593,-3.359844,-3.9340215
1475636161079,206428193322780,3.5846148,-3.1393342,-3.7976677
1475636161083,206428198288060,3.448261,-2.924151,-3.7603834
1475636161089,206428203222307,3.4163032,-2.695119,-3.750796
1475636161095,206428208156554,3.48448,-2.4596956,-3.730556
1475636161104,206428213090801,3.4333472,-2.3798008,-3.496198
1475636161105,206428218056081,3.4067156,-2.4479778,-3.1883364
1475636161109,206428222990328,3.4408042,-2.4607608,-3.08181
1475636161113,206428227924575,3.4493263,-2.393649,-3.0828753
1475636161119,206428232858822,3.468501,-2.244512,-3.0668962
1475636161123,206428237824102,3.4855452,-2.0378509,-2.9880667
1475636161129,206428242758349,3.4770231,-1.8546253,-2.868757
1475636161133,206428247692596,3.5143073,-1.7512947,-2.7324033
1475636161139,206428252626843,3.625095,-1.6703346,-2.6450515
1475636161143,206428257592123,3.653857,-1.6106799,-2.610963
1475636161148,206428262526370,3.60592,-1.5787219,-2.5545042
1475636161153,206428267460617,3.472762,-1.567004,-2.5225463
1475636161159,206428272425897,3.2320123,-1.5701997,-2.525742
1475636161163,206428277360144,2.941195,-1.5563513,-2.5214808
1475636161168,206428282294391,2.6141589,-1.5286545,-2.5204155
1475636161173,206428287228638,2.2732744,-1.5254587,-2.5555694
1475636161178,206428292193918,1.969674,-1.5084144,-2.5971148
1475636161183,206428297128165,1.7385116,-1.4370418,-2.5928535
1475636161188,206428302062412,1.6042882,-1.3134711,-2.530003
1475636161193,206428307027692,1.639442,-1.1430287,-2.3957796
1475636161198,206428311961939,1.8311895,-0.97897804,-2.2210763
1475636161203,206428316896186,2.1177456,-0.86179894,-2.0250678
1475636161208,206428321861466,2.4543693,-0.8042746,-1.8407769
1475636161213,206428326795713,2.770753,-0.7968178,-1.679922
1475636161218,206428331729960,3.038134,-0.79255676,-1.5787219
1475636161223,206428336664207,3.210707,-0.7957525,-1.567004
1475636161228,206428341629487,3.2245555,-0.78723043,-1.5797871
1475636161233,206428346563734,3.0999196,-0.78936094,-1.5808524
1475636161238,206428351497981,2.8826056,-0.7723167,-1.6053535
1475636161242,206428356463261,2.5758095,-0.72651035,-1.6511599
1475636161248,206428361397508,2.2008364,-0.6913566,-1.6714
1475636161252,206428366331755,1.8216022,-0.6498113,-1.6554209
1475636161258,206428371297035,1.454086,-0.592287,-1.6181366
1475636161262,206428376231282,1.1004182,-0.51984906,-1.546764
1475636161268,206428381165529,0.79894835,-0.44208473,-1.478587
1475636161272,206428386099776,0.5411543,-0.38349518,-1.417867
1475636161278,206428391065056,0.32384038,-0.33449304,-1.3390374
1475636161282,206428395999303,0.17150757,-0.28229508,-1.2463593
1475636161288,206428400933550,0.07137272,-0.22370553,-1.1568772
1475636161294,206428405898830,0.015978966,-0.17470337,-1.0801781
1475636161298,206428410833077,0.011717909,-0.14274544,-1.0120012
1475636161302,206428415767324,0.040480047,-0.12037488,-0.9619338
1475636161309,206428420701571,0.111852765,-0.10546118,-0.94808537
1475636161313,206428425666851,0.23009712,-0.10120012,-0.9374327
1475636161318,206428430601098,0.3802994,-0.11504856,-0.9278453
1475636161322,206428435535345,0.56459016,-0.12996227,-0.92038846
1475636161328,206428440500625,0.78296936,-0.13315806,-0.93317163
1475636161332,206428445434872,0.9821738,-0.16831177,-0.9704559
1475636161347,206428450369119,1.1323761,-0.20879182,-0.9672601
1475636161350,206428455303366,1.2431636,-0.23861924,-0.94062847
1475636161352,206428460268646,1.2921658,-0.24501082,-0.9289106
1475636161353,206428465202893,1.2942963,-0.21518342,-0.9033442
1475636161358,206428470137140,1.2676647,-0.1587244,-0.86179894
1475636161362,206428475102420,1.2112057,-0.092678,-0.8085357
1475636161368,206428480036667,1.1110708,-0.01917476,-0.74035877
1475636161372,206428484970914,0.97152114,0.05539375,-0.67537767
1475636161378,206428489905161,0.79149145,0.11291803,-0.6231797
1475636161382,206428494870441,0.5699165,0.1470065,-0.58483016
1475636161388,206428499804688,0.3153183,0.16831177,-0.5635249
1475636161393,206428504738935,0.041545313,0.18322548,-0.5635249
1475636161398,206428509704215,-0.23542345,0.18642128,-0.5784386
1475636161402,206428514638462,-0.49321744,0.18642128,-0.58696073
1475636161408,206428519572709,-0.6956177,0.18429075,-0.59122175
1475636161412,206428524506956,-0.81066626,0.19174759,-0.5805691
1475636161418,206428529472236,-0.80960095,0.19707392,-0.5422196
1475636161422,206428534406483,-0.6956177,0.17896442,-0.4910869
1475636161428,206428539340730,-0.50173956,0.1438107,-0.43782368
1475636161432,206428544306010,-0.24074976,0.11611383,-0.3802994
1475636161438,206428549240257,0.037284255,0.10865697,-0.31957933
1475636161442,206428554174504,0.26312032,0.068176925,-0.27164242
1475636161448,206428559108751,0.45380265,0.02130529,-0.24501082
1475636161452,206428564074031,0.5986786,0.002130529,-0.21944447
1475636161458,206428569008278,0.67218184,-0.008522116,-0.21731395
1475636161462,206428573942525,0.69987875,-0.014913702,-0.2247708
1475636161468,206428578907805,0.69668293,-0.0031957934,-0.23755397
1475636161472,206428583842052,0.6562029,0.020240024,-0.24927188
1475636161478,206428588776299,0.5741775,0.035153728,-0.23861924
1475636161482,206428593710546,0.47191215,0.043675844,-0.22583605
1475636161488,206428598675826,0.34940675,0.054328486,-0.22583605
1475636161492,206428603610073,0.22370553,0.070307456,-0.22903186
1475636161498,206428608544320,0.09374327,0.07350325,-0.23222765
1475636161502,206428613478567,-0.030892668,0.06072007,-0.22796659
1475636161507,206428618443847,-0.15126754,0.049002163,-0.22370553
1475636161512,206428623378094,-0.2727077,0.041545313,-0.23009712
1475636161517,206428628312341,-0.38562572,0.035153728,-0.23861924
1475636161522,206428633246588,-0.4644553,0.03195793,-0.23009712
1475636161528,206428638211868,-0.5060006,0.027696876,-0.20453078
1475636161532,206428643146115,-0.50387007,0.022370553,-0.16724652
1475636161537,206428648080362,-0.45593318,0.01917476,-0.13209279
1475636161542,206428653045642,-0.36645097,0.02130529,-0.095873795
1475636161548,206428657979889,-0.25246766,0.023435818,-0.06072007
1475636161552,206428662914136,-0.12357067,0.027696876,-0.020240024
1475636161562,206428667848383,0.0010652645,0.041545313,0.025566347
1475636161563,206428672813663,0.11504856,0.061785337,0.06391586
1475636161567,206428677747910,0.19813919,0.09054748,0.092678
1475636161572,206428682682157,0.22690132,0.10013486,0.098004326
1475636161577,206428687647437,0.23329291,0.10759171,0.092678
1475636161582,206428692581684,0.21624868,0.11824435,0.082025364
1475636161587,206428697515931,0.1736381,0.11930962,0.0628506
1475636161591,206428702450178,0.128897,0.10759171,0.049002163
1475636161597,206428707415458,0.080960095,0.096939065,0.035153728
1475636161601,206428712349705,0.033023197,0.08948221,0.025566347
1475636161607,206428717283952,-0.0127831735,0.08628642,0.022370553
1475636161611,206428722218199,-0.05965481,0.07882957,0.024501082
1475636161617,206428727183479,-0.11717909,0.080960095,0.027696876
1475636161621,206428732117726,-0.18109496,0.08841695,0.02876214
1475636161628,206428737051973,-0.24288028,0.08841695,0.027696876
1475636161631,206428742017253,-0.28122982,0.08415589,0.035153728
1475636161637,206428746951500,-0.28655612,0.07456851,0.05752428
1475636161641,206428751885747,-0.26738137,0.06391586,0.08841695
1475636161647,206428756819994,-0.23542345,0.05539375,0.109722234
1475636161651,206428761785274,-0.1949434,0.049002163,0.12463594
1475636161657,206428766719521,-0.15020229,0.04261058,0.13209279
1475636161661,206428771653768,-0.10333065,0.03195793,0.13848437
1475636161667,206428776588015,-0.06391586,0.01917476,0.14487596
1475636161671,206428781553295,-0.030892668,0.00958738,0.14913702
1475636161677,206428786487542,-0.010652645,0.002130529,0.14487596
1475636161681,206428791421789,0.0,-0.0053263223,0.13315806
1475636161687,206428796387069,-0.004261058,-0.0127831735,0.11824435
1475636161691,206428801321316,-0.0127831735,-0.024501082,0.099069595
1475636161697,206428806255563,-0.020240024,-0.033023197,0.0777643
1475636161701,206428811220843,-0.020240024,-0.041545313,0.068176925
1475636161707,206428816155090,-0.023435818,-0.044741105,0.06072007
1475636161711,206428821089337,-0.033023197,-0.041545313,0.051132694
1475636161717,206428826023584,-0.035153728,-0.040480047,0.05006743
1475636161721,206428830988864,-0.039414786,-0.041545313,0.05752428
1475636161728,206428835923111,-0.043675844,-0.04261058,0.06391586
1475636161731,206428840857358,-0.054328486,-0.049002163,0.06924219
1475636161737,206428845791605,-0.070307456,-0.05326322,0.07350325
1475636161741,206428850756885,-0.094808534,-0.054328486,0.068176925
1475636161747,206428855691132,-0.099069595,-0.02663161,0.07456851
1475636161751,206428860625379,0.16618125,0.23435818,0.15978967
1475636161757,206428865590659,0.061785337,0.4165184,0.10546118
1475636161761,206428870524906,-0.6103965,0.21518342,-0.0628506
1475636161770,206428875459153,-0.36218992,0.10546118,0.01917476
1475636161772,206428880424433,-0.002130529,0.011717909,0.052197956
1475636161782,206428885358680,-0.04261058,-0.098004326,0.066046394
1475636161783,206428890292927,-0.008522116,-0.11611383,0.12250541
1475636161787,206428895227174,0.10865697,-0.092678,0.15659387
1475636161791,206428900192454,0.13528858,-0.08628642,0.16618125
1475636161797,206428905126701,0.13635385,-0.096939065,0.16511598
1475636161801,206428910060948,0.14487596,-0.09374327,0.1587244
1475636161820,206428914995195,0.12463594,-0.08628642,0.16192019
1475636161822,206428919960475,0.07563377,-0.07989483,0.16085494
1475636161828,206428924894722,0.01917476,-0.068176925,0.1470065
1475636161829,206428929828969,-0.054328486,-0.05965481,0.13209279
1475636161835,206428934794249,-0.14274544,-0.056459013,0.11717909
1475636161836,206428939728496,-0.22050974,-0.051132694,0.10013486
1475636161840,206428944662743,-0.30573088,-0.04580637,0.08628642
1475636161841,206428949628023,-0.43569314,-0.054328486,0.039414786
1475636161861,206428954562270,-0.52837116,-0.034088463,-0.018109495
1475636161861,206428959496517,-0.49534798,-0.0053263223,0.004261058
1475636161863,206428964430764,-0.3888215,-0.010652645,0.047936898
1475636161863,206428969396044,-0.28655612,-0.03195793,0.07989483
1475636161891,206428974330291,-0.21731395,-0.051132694,0.10652644
1475636161892,206428979264538,-0.18109496,-0.07350325,0.11930962
1475636161894,206428984229818,-0.16405073,-0.09161274,0.12463594
1475636161896,206428989164065,-0.15659387,-0.098004326,0.128897
1475636161897,206428994098312,-0.14807175,-0.096939065,0.128897
1475636161898,206428999032559,-0.13422331,-0.10226539,0.12676647
1475636161899,206429003997839,-0.12037488,-0.109722234,0.12037488
1475636161908,206429008932086,-0.10120012,-0.12037488,0.11930962
1475636161911,206429013866333,-0.083090626,-0.13528858,0.12463594
1475636161911,206429018831613,-0.07243798,-0.14168017,0.13315806
